0.0000          35.119         43.578         48.032         54.446
7.4772E-5       35.119         43.577         48.031         54.446
1.4876E-4       35.119         43.576         48.030         54.444
1.5485E-4       35.119         43.576         48.030         54.444
2.0795E-4       35.118         43.574         48.028         54.442
2.2362E-4       35.118         43.574         48.027         54.441
2.4805E-4       35.118         43.573         48.026         54.440
2.8170E-4       35.118         43.572         48.025         54.439
2.8928E-4       35.118         43.571         48.024         54.438
3.8682E-4       35.116         43.566         48.019         54.432
4.5282E-4       35.116         43.562         48.014         54.426
5.1331E-4       35.115         43.557         48.009         54.421
5.5055E-4       35.114         43.554         48.006         54.417
5.9254E-4       35.113         43.551         48.002         54.412
6.6283E-4       35.112         43.544         47.994         54.404
7.2122E-4       35.110         43.538         47.987         54.396
7.5215E-4       35.109         43.534         47.983         54.391
7.6500E-4       35.109         43.533         47.982         54.389
8.9736E-4       35.105         43.516         47.963         54.368
9.3442E-4       35.104         43.510         47.957         54.361
9.6849E-4       35.103         43.505         47.951         54.355
0.0010073       35.102         43.499         47.945         54.348
0.0010250       35.101         43.497         47.942         54.344
0.0011491       35.097         43.476         47.918         54.318
0.0012050       35.095         43.465         47.907         54.305
0.0012344       35.093         43.460         47.901         54.298
0.0013295       35.089         43.441         47.880         54.274
0.0013920       35.086         43.428         47.865         54.257
0.0014354       35.084         43.418         47.855         54.245
0.0014801       35.082         43.408         47.843         54.233
0.0015187       35.080         43.399         47.833         54.221
0.0016260       35.075         43.372         47.804         54.188
0.0016323       35.074         43.371         47.802         54.186
0.0016754       35.072         43.360         47.790         54.172
0.0016780       35.072         43.359         47.789         54.171
0.0017056       35.070         43.352         47.781         54.162
0.0017791       35.066         43.331         47.759         54.137
0.0017867       35.065         43.329         47.757         54.134
0.0017921       35.065         43.328         47.755         54.132
0.0018004       35.064         43.325         47.752         54.129
0.0018727       35.060         43.305         47.729         54.103
0.0018831       35.059         43.301         47.726         54.099
0.0019757       35.053         43.273         47.694         54.064
0.0020272       35.050         43.257         47.676         54.044
0.0020437       35.048         43.252         47.671         54.037
0.0021306       35.042         43.223         47.639         54.001
0.0021683       35.039         43.210         47.625         53.985
0.0021858       35.038         43.204         47.618         53.977
0.0022322       35.035         43.188         47.600         53.957
0.0023179       35.028         43.156         47.565         53.918
0.0023560       35.025         43.142         47.550         53.900
0.0023650       35.024         43.139         47.546         53.896
0.0023697       35.024         43.137         47.544         53.894
0.0023802       35.023         43.133         47.540         53.889
0.0023910       35.022         43.129         47.535         53.884
0.0024005       35.021         43.125         47.531         53.879
0.0024273       35.019         43.115         47.520         53.866
0.0024710       35.015         43.098         47.501         53.845
0.0026343       35.001         43.030         47.427         53.761
0.0026415       35.000         43.027         47.423         53.757
0.0026632       34.998         43.018         47.413         53.746
0.0027266       34.992         42.990         47.383         53.711
0.0027329       34.992         42.988         47.379         53.708
0.0027687       34.988         42.972         47.362         53.688
0.0028150       34.984         42.951         47.339         53.662
0.0028607       34.979         42.929         47.315         53.636
0.0028749       34.978         42.923         47.308         53.627
0.0029443       34.971         42.890         47.272         53.586
0.0029960       34.966         42.865         47.244         53.555
0.0031261       34.952         42.799         47.172         53.474
0.0031599       34.948         42.782         47.153         53.452
0.0031620       34.948         42.781         47.152         53.451
0.0031768       34.946         42.773         47.143         53.442
0.0032063       34.943         42.757         47.126         53.422
0.0032177       34.941         42.751         47.119         53.415
0.0032262       34.940         42.747         47.115         53.409
0.0033653       34.924         42.671         47.031         53.315
0.0033920       34.921         42.656         47.014         53.296
0.0034222       34.917         42.638         46.996         53.275
0.0035528       34.901         42.562         46.912         53.181
0.0035555       34.901         42.560         46.910         53.179
0.0035579       34.900         42.559         46.909         53.177
0.0036991       34.882         42.472         46.814         53.071
0.0037259       34.879         42.456         46.795         53.050
0.0037305       34.878         42.453         46.792         53.047
0.0037376       34.877         42.448         46.787         53.041
0.0038636       34.860         42.367         46.698         52.941
0.0038783       34.858         42.357         46.687         52.929
0.0038837       34.857         42.353         46.683         52.925
0.0038866       34.857         42.351         46.681         52.922
0.0038968       34.855         42.345         46.674         52.914
0.0038993       34.855         42.343         46.672         52.912
0.0039010       34.854         42.342         46.671         52.910
0.0040836       34.828         42.216         46.534         52.757
0.0041879       34.812         42.142         46.452         52.665
0.0042051       34.810         42.129         46.438         52.650
0.0042380       34.805         42.105         46.412         52.620
0.0042759       34.799         42.077         46.381         52.586
0.0043060       34.794         42.054         46.357         52.558
0.0043112       34.793         42.050         46.352         52.554
0.0043550       34.786         42.017         46.316         52.513
0.0045260       34.758         41.883         46.170         52.350
0.0045319       34.757         41.878         46.165         52.344
0.0045407       34.755         41.871         46.157         52.335
0.0045532       34.753         41.861         46.146         52.323
0.0045628       34.752         41.853         46.138         52.314
0.0045649       34.751         41.852         46.136         52.312
0.0045699       34.751         41.848         46.131         52.307
0.0045942       34.746         41.828         46.110         52.283
0.0045961       34.746         41.826         46.108         52.281
0.0047824       34.713         41.670         45.938         52.091
0.0050000       34.673         41.477         45.728         51.857
0.0052500       34.624         41.287         45.518         51.618
0.0055000       34.572         41.167         45.377         51.447
