0.0000          35.119         34.673         34.572
10.000          37.107         35.864         35.620
20.000          38.814         37.146         36.882
30.000          40.234         38.361         38.083
40.000          41.468         39.488         39.198
50.000          42.574         40.525         40.224
60.000          43.578         41.477         41.167
70.000          44.493         42.349         42.031
80.000          45.331         43.148         42.822
90.000          46.098         43.881         43.548
100.00          46.800         44.551         44.212
110.00          47.443         45.165         44.820
120.00          48.032         45.728         45.377
130.00          48.571         46.243         45.888
140.00          49.065         46.715         46.355
150.00          49.517         47.148         46.783
160.00          49.932         47.544         47.175
170.00          50.311         47.906         47.534
180.00          50.659         48.238         47.863
190.00          50.977         48.543         48.165
200.00          51.269         48.821         48.441
210.00          51.536         49.077         48.693
220.00          51.781         49.310         48.925
230.00          52.005         49.524         49.137
240.00          52.210         49.721         49.331
250.00          52.398         49.900         49.509
260.00          52.570         50.065         49.672
270.00          52.728         50.215         49.821
280.00          52.873         50.353         49.958
290.00          53.005         50.480         50.083
300.00          53.126         50.596         50.198
310.00          53.237         50.702         50.303
320.00          53.339         50.799         50.399
330.00          53.432         50.888         50.487
340.00          53.517         50.969         50.568
350.00          53.595         51.044         50.642
360.00          53.667         51.112         50.709
370.00          53.732         51.175         50.771
380.00          53.792         51.232         50.828
390.00          53.847         51.285         50.880
400.00          53.898         51.333         50.928
410.00          53.944         51.377         50.972
420.00          53.986         51.417         51.012
430.00          54.025         51.454         51.048
440.00          54.060         51.488         51.082
450.00          54.093         51.519         51.112
460.00          54.122         51.547         51.140
470.00          54.150         51.573         51.166
480.00          54.175         51.597         51.190
490.00          54.197         51.619         51.211
500.00          54.218         51.639         51.231
510.00          54.237         51.657         51.249
520.00          54.255         51.674         51.266
530.00          54.271         51.690         51.281
540.00          54.286         51.704         51.295
550.00          54.299         51.716         51.308
560.00          54.312         51.728         51.320
570.00          54.323         51.739         51.330
580.00          54.333         51.749         51.340
590.00          54.343         51.758         51.349
600.00          54.352         51.766         51.357
610.00          54.359         51.774         51.365
620.00          54.367         51.781         51.372
630.00          54.373         51.787         51.378
640.00          54.380         51.793         51.384
650.00          54.385         51.799         51.389
660.00          54.390         51.803         51.394
670.00          54.395         51.808         51.398
680.00          54.399         51.812         51.403
690.00          54.403         51.816         51.406
700.00          54.407         51.819         51.410
710.00          54.410         51.822         51.413
720.00          54.413         51.825         51.416
730.00          54.416         51.828         51.418
740.00          54.419         51.830         51.421
750.00          54.421         51.833         51.423
760.00          54.423         51.835         51.425
770.00          54.425         51.837         51.427
780.00          54.427         51.838         51.428
790.00          54.428         51.840         51.430
800.00          54.430         51.841         51.431
810.00          54.431         51.843         51.433
820.00          54.432         51.844         51.434
830.00          54.434         51.845         51.435
840.00          54.435         51.846         51.436
850.00          54.436         51.847         51.437
860.00          54.437         51.848         51.438
870.00          54.437         51.848         51.439
880.00          54.438         51.849         51.439
890.00          54.439         51.850         51.440
900.00          54.439         51.850         51.440
910.00          54.440         51.851         51.441
920.00          54.441         51.851         51.442
930.00          54.441         51.852         51.442
940.00          54.441         51.852         51.442
950.00          54.442         51.853         51.443
960.00          54.442         51.853         51.443
970.00          54.443         51.853         51.443
980.00          54.443         51.854         51.444
990.00          54.443         51.854         51.444
1000.0          54.443         51.854         51.444
1010.0          54.444         51.854         51.444
1020.0          54.444         51.855         51.445
1030.0          54.444         51.855         51.445
1040.0          54.444         51.855         51.445
1050.0          54.444         51.855         51.445
1060.0          54.445         51.855         51.445
1070.0          54.445         51.855         51.445
1080.0          54.445         51.855         51.446
1090.0          54.445         51.856         51.446
1100.0          54.445         51.856         51.446
1110.0          54.445         51.856         51.446
1120.0          54.445         51.856         51.446
1130.0          54.445         51.856         51.446
1140.0          54.445         51.856         51.446
1150.0          54.445         51.856         51.446
1160.0          54.446         51.856         51.446
1170.0          54.446         51.856         51.446
1180.0          54.446         51.856         51.446
1190.0          54.446         51.856         51.446
1200.0          54.446         51.856         51.446
1210.0          54.446         51.856         51.446
1220.0          54.446         51.856         51.447
1230.0          54.446         51.856         51.447
1240.0          54.446         51.857         51.447
1250.0          54.446         51.857         51.447
1260.0          54.446         51.857         51.447
1270.0          54.446         51.857         51.447
1280.0          54.446         51.857         51.447
1290.0          54.446         51.857         51.447
1300.0          54.446         51.857         51.447
1310.0          54.446         51.857         51.447
1320.0          54.446         51.857         51.447
1330.0          54.446         51.857         51.447
1340.0          54.446         51.857         51.447
1350.0          54.446         51.857         51.447
1360.0          54.446         51.857         51.447
1370.0          54.446         51.857         51.447
1380.0          54.446         51.857         51.447
1390.0          54.446         51.857         51.447
1400.0          54.446         51.857         51.447
1410.0          54.446         51.857         51.447
1420.0          54.446         51.857         51.447
1430.0          54.446         51.857         51.447
1440.0          54.446         51.857         51.447
1450.0          54.446         51.857         51.447
1460.0          54.446         51.857         51.447
1470.0          54.446         51.857         51.447
1480.0          54.446         51.857         51.447
1490.0          54.446         51.857         51.447
1500.0          54.446         51.857         51.447
1510.0          54.446         51.857         51.447
1520.0          54.446         51.857         51.447
1530.0          54.446         51.857         51.447
1540.0          54.446         51.857         51.447
1550.0          54.446         51.857         51.447
1560.0          54.446         51.857         51.447
1570.0          54.446         51.857         51.447
1580.0          54.446         51.857         51.447
1590.0          54.446         51.857         51.447
1600.0          54.446         51.857         51.447
1610.0          54.446         51.857         51.447
1620.0          54.446         51.857         51.447
1630.0          54.446         51.857         51.447
1640.0          54.446         51.857         51.447
1650.0          54.446         51.857         51.447
1660.0          54.446         51.857         51.447
1670.0          54.446         51.857         51.447
1680.0          54.446         51.857         51.447
1690.0          54.446         51.857         51.447
1700.0          54.446         51.857         51.447
1710.0          54.446         51.857         51.447
1720.0          54.446         51.857         51.447
1730.0          54.446         51.857         51.447
1740.0          54.446         51.857         51.447
1750.0          54.446         51.857         51.447
1760.0          54.446         51.857         51.447
1770.0          54.446         51.857         51.447
1780.0          54.446         51.857         51.447
1790.0          54.446         51.857         51.447
1800.0          54.446         51.857         51.447
